n =10
0
500
900
1200
1400
1500
1500
1400
1200
900
n =100
0
5000
9900
14700
19400
24000
28500
32900
37200
41400
45500
49500
53400
57200
60900
64500
68000
71400
74700
77900
81000
84000
86900
89700
92400
95000
97500
99900
102200
104400
106500
108500
110400
112200
113900
115500
117000
118400
119700
120900
122000
123000
123900
124700
125400
126000
126500
126900
127200
127400
127500
127500
127400
127200
126900
126500
126000
125400
124700
123900
123000
122000
120900
119700
118400
117000
115500
113900
112200
110400
108500
106500
104400
102200
99900
97500
95000
92400
89700
86900
84000
81000
77900
74700
71400
68000
64500
60900
57200
53400
49500
45500
41400
37200
32900
28500
24000
19400
14700
9900
n =1000
0
50000
99900
149700
199400
249000
298500
347900
397200
446400
495500
544500
593400
642200
690900
739500
788000
836400
884700
932900
981000
1.029e+06
1.0769e+06
1.1247e+06
1.1724e+06
1.22e+06
1.2675e+06
1.3149e+06
1.3622e+06
1.4094e+06
1.4565e+06
1.5035e+06
1.5504e+06
1.5972e+06
1.6439e+06
1.6905e+06
1.737e+06
1.7834e+06
1.8297e+06
1.8759e+06
1.922e+06
1.968e+06
2.0139e+06
2.0597e+06
2.1054e+06
2.151e+06
2.1965e+06
2.2419e+06
2.2872e+06
2.3324e+06
2.3775e+06
2.4225e+06
2.4674e+06
2.5122e+06
2.5569e+06
2.6015e+06
2.646e+06
2.6904e+06
2.7347e+06
2.7789e+06
2.823e+06
2.867e+06
2.9109e+06
2.9547e+06
2.9984e+06
3.042e+06
3.0855e+06
3.1289e+06
3.1722e+06
3.2154e+06
3.2585e+06
3.3015e+06
3.3444e+06
3.3872e+06
3.4299e+06
3.4725e+06
3.515e+06
3.5574e+06
3.5997e+06
3.6419e+06
3.684e+06
3.726e+06
3.7679e+06
3.8097e+06
3.8514e+06
3.893e+06
3.9345e+06
3.9759e+06
4.0172e+06
4.0584e+06
4.0995e+06
4.1405e+06
4.1814e+06
4.2222e+06
4.2629e+06
4.3035e+06
4.344e+06
4.3844e+06
4.4247e+06
4.4649e+06
4.505e+06
4.545e+06
4.5849e+06
4.6247e+06
4.6644e+06
4.704e+06
4.7435e+06
4.7829e+06
4.8222e+06
4.8614e+06
4.9005e+06
4.9395e+06
4.9784e+06
5.0172e+06
5.0559e+06
5.0945e+06
5.133e+06
5.1714e+06
5.2097e+06
5.2479e+06
5.286e+06
5.324e+06
5.3619e+06
5.3997e+06
5.4374e+06
5.475e+06
5.5125e+06
5.5499e+06
5.5872e+06
5.6244e+06
5.6615e+06
5.6985e+06
5.7354e+06
5.7722e+06
5.8089e+06
5.8455e+06
5.882e+06
5.9184e+06
5.9547e+06
5.9909e+06
6.027e+06
6.063e+06
6.0989e+06
6.1347e+06
6.1704e+06
6.206e+06
6.2415e+06
6.2769e+06
6.3122e+06
6.3474e+06
6.3825e+06
6.4175e+06
6.4524e+06
6.4872e+06
6.5219e+06
6.5565e+06
6.591e+06
6.6254e+06
6.6597e+06
6.6939e+06
6.728e+06
6.762e+06
6.7959e+06
6.8297e+06
6.8634e+06
6.897e+06
6.9305e+06
6.9639e+06
6.9972e+06
7.0304e+06
7.0635e+06
7.0965e+06
7.1294e+06
7.1622e+06
7.1949e+06
7.2275e+06
7.26e+06
7.2924e+06
7.3247e+06
7.3569e+06
7.389e+06
7.421e+06
7.4529e+06
7.4847e+06
7.5164e+06
7.548e+06
7.5795e+06
7.6109e+06
7.6422e+06
7.6734e+06
7.7045e+06
7.7355e+06
7.7664e+06
7.7972e+06
7.8279e+06
7.8585e+06
7.889e+06
7.9194e+06
7.9497e+06
7.9799e+06
8.01e+06
8.04e+06
8.0699e+06
8.0997e+06
8.1294e+06
8.159e+06
8.1885e+06
8.2179e+06
8.2472e+06
8.2764e+06
8.3055e+06
8.3345e+06
8.3634e+06
8.3922e+06
8.4209e+06
8.4495e+06
8.478e+06
8.5064e+06
8.5347e+06
8.5629e+06
8.591e+06
8.619e+06
8.6469e+06
8.6747e+06
8.7024e+06
8.73e+06
8.7575e+06
8.7849e+06
8.8122e+06
8.8394e+06
8.8665e+06
8.8935e+06
8.9204e+06
8.9472e+06
8.9739e+06
9.0005e+06
9.027e+06
9.0534e+06
9.0797e+06
9.1059e+06
9.132e+06
9.158e+06
9.1839e+06
9.2097e+06
9.2354e+06
9.261e+06
9.2865e+06
9.3119e+06
9.3372e+06
9.3624e+06
9.3875e+06
9.4125e+06
9.4374e+06
9.4622e+06
9.4869e+06
9.5115e+06
9.536e+06
9.5604e+06
9.5847e+06
9.6089e+06
9.633e+06
9.657e+06
9.6809e+06
9.7047e+06
9.7284e+06
9.752e+06
9.7755e+06
9.7989e+06
9.8222e+06
9.8454e+06
9.8685e+06
9.8915e+06
9.9144e+06
9.9372e+06
9.9599e+06
9.9825e+06
1.0005e+07
1.00274e+07
1.00497e+07
1.00719e+07
1.0094e+07
1.0116e+07
1.01379e+07
1.01597e+07
1.01814e+07
1.0203e+07
1.02245e+07
1.02459e+07
1.02672e+07
1.02884e+07
1.03095e+07
1.03305e+07
1.03514e+07
1.03722e+07
1.03929e+07
1.04135e+07
1.0434e+07
1.04544e+07
1.04747e+07
1.04949e+07
1.0515e+07
1.0535e+07
1.05549e+07
1.05747e+07
1.05944e+07
1.0614e+07
1.06335e+07
1.06529e+07
1.06722e+07
1.06914e+07
1.07105e+07
1.07295e+07
1.07484e+07
1.07672e+07
1.07859e+07
1.08045e+07
1.0823e+07
1.08414e+07
1.08597e+07
1.08779e+07
1.0896e+07
1.0914e+07
1.09319e+07
1.09497e+07
1.09674e+07
1.0985e+07
1.10025e+07
1.10199e+07
1.10372e+07
1.10544e+07
1.10715e+07
1.10885e+07
1.11054e+07
1.11222e+07
1.11389e+07
1.11555e+07
1.1172e+07
1.11884e+07
1.12047e+07
1.12209e+07
1.1237e+07
1.1253e+07
1.12689e+07
1.12847e+07
1.13004e+07
1.1316e+07
1.13315e+07
1.13469e+07
1.13622e+07
1.13774e+07
1.13925e+07
1.14075e+07
1.14224e+07
1.14372e+07
1.14519e+07
1.14665e+07
1.1481e+07
1.14954e+07
1.15097e+07
1.15239e+07
1.1538e+07
1.1552e+07
1.15659e+07
1.15797e+07
1.15934e+07
1.1607e+07
1.16205e+07
1.16339e+07
1.16472e+07
1.16604e+07
1.16735e+07
1.16865e+07
1.16994e+07
1.17122e+07
1.17249e+07
1.17375e+07
1.175e+07
1.17624e+07
1.17747e+07
1.17869e+07
1.1799e+07
1.1811e+07
1.18229e+07
1.18347e+07
1.18464e+07
1.1858e+07
1.18695e+07
1.18809e+07
1.18922e+07
1.19034e+07
1.19145e+07
1.19255e+07
1.19364e+07
1.19472e+07
1.19579e+07
1.19685e+07
1.1979e+07
1.19894e+07
1.19997e+07
1.20099e+07
1.202e+07
1.203e+07
1.20399e+07
1.20497e+07
1.20594e+07
1.2069e+07
1.20785e+07
1.20879e+07
1.20972e+07
1.21064e+07
1.21155e+07
1.21245e+07
1.21334e+07
1.21422e+07
1.21509e+07
1.21595e+07
1.2168e+07
1.21764e+07
1.21847e+07
1.21929e+07
1.2201e+07
1.2209e+07
1.22169e+07
1.22247e+07
1.22324e+07
1.224e+07
1.22475e+07
1.22549e+07
1.22622e+07
1.22694e+07
1.22765e+07
1.22835e+07
1.22904e+07
1.22972e+07
1.23039e+07
1.23105e+07
1.2317e+07
1.23234e+07
1.23297e+07
1.23359e+07
1.2342e+07
1.2348e+07
1.23539e+07
1.23597e+07
1.23654e+07
1.2371e+07
1.23765e+07
1.23819e+07
1.23872e+07
1.23924e+07
1.23975e+07
1.24025e+07
1.24074e+07
1.24122e+07
1.24169e+07
1.24215e+07
1.2426e+07
1.24304e+07
1.24347e+07
1.24389e+07
1.2443e+07
1.2447e+07
1.24509e+07
1.24547e+07
1.24584e+07
1.2462e+07
1.24655e+07
1.24689e+07
1.24722e+07
1.24754e+07
1.24785e+07
1.24815e+07
1.24844e+07
1.24872e+07
1.24899e+07
1.24925e+07
1.2495e+07
1.24974e+07
1.24997e+07
1.25019e+07
1.2504e+07
1.2506e+07
1.25079e+07
1.25097e+07
1.25114e+07
1.2513e+07
1.25145e+07
1.25159e+07
1.25172e+07
1.25184e+07
1.25195e+07
1.25205e+07
1.25214e+07
1.25222e+07
1.25229e+07
1.25235e+07
1.2524e+07
1.25244e+07
1.25247e+07
1.25249e+07
1.2525e+07
1.2525e+07
1.25249e+07
1.25247e+07
1.25244e+07
1.2524e+07
1.25235e+07
1.25229e+07
1.25222e+07
1.25214e+07
1.25205e+07
1.25195e+07
1.25184e+07
1.25172e+07
1.25159e+07
1.25145e+07
1.2513e+07
1.25114e+07
1.25097e+07
1.25079e+07
1.2506e+07
1.2504e+07
1.25019e+07
1.24997e+07
1.24974e+07
1.2495e+07
1.24925e+07
1.24899e+07
1.24872e+07
1.24844e+07
1.24815e+07
1.24785e+07
1.24754e+07
1.24722e+07
1.24689e+07
1.24655e+07
1.2462e+07
1.24584e+07
1.24547e+07
1.24509e+07
1.2447e+07
1.2443e+07
1.24389e+07
1.24347e+07
1.24304e+07
1.2426e+07
1.24215e+07
1.24169e+07
1.24122e+07
1.24074e+07
1.24025e+07
1.23975e+07
1.23924e+07
1.23872e+07
1.23819e+07
1.23765e+07
1.2371e+07
1.23654e+07
1.23597e+07
1.23539e+07
1.2348e+07
1.2342e+07
1.23359e+07
1.23297e+07
1.23234e+07
1.2317e+07
1.23105e+07
1.23039e+07
1.22972e+07
1.22904e+07
1.22835e+07
1.22765e+07
1.22694e+07
1.22622e+07
1.22549e+07
1.22475e+07
1.224e+07
1.22324e+07
1.22247e+07
1.22169e+07
1.2209e+07
1.2201e+07
1.21929e+07
1.21847e+07
1.21764e+07
1.2168e+07
1.21595e+07
1.21509e+07
1.21422e+07
1.21334e+07
1.21245e+07
1.21155e+07
1.21064e+07
1.20972e+07
1.20879e+07
1.20785e+07
1.2069e+07
1.20594e+07
1.20497e+07
1.20399e+07
1.203e+07
1.202e+07
1.20099e+07
1.19997e+07
1.19894e+07
1.1979e+07
1.19685e+07
1.19579e+07
1.19472e+07
1.19364e+07
1.19255e+07
1.19145e+07
1.19034e+07
1.18922e+07
1.18809e+07
1.18695e+07
1.1858e+07
1.18464e+07
1.18347e+07
1.18229e+07
1.1811e+07
1.1799e+07
1.17869e+07
1.17747e+07
1.17624e+07
1.175e+07
1.17375e+07
1.17249e+07
1.17122e+07
1.16994e+07
1.16865e+07
1.16735e+07
1.16604e+07
1.16472e+07
1.16339e+07
1.16205e+07
1.1607e+07
1.15934e+07
1.15797e+07
1.15659e+07
1.1552e+07
1.1538e+07
1.15239e+07
1.15097e+07
1.14954e+07
1.1481e+07
1.14665e+07
1.14519e+07
1.14372e+07
1.14224e+07
1.14075e+07
1.13925e+07
1.13774e+07
1.13622e+07
1.13469e+07
1.13315e+07
1.1316e+07
1.13004e+07
1.12847e+07
1.12689e+07
1.1253e+07
1.1237e+07
1.12209e+07
1.12047e+07
1.11884e+07
1.1172e+07
1.11555e+07
1.11389e+07
1.11222e+07
1.11054e+07
1.10885e+07
1.10715e+07
1.10544e+07
1.10372e+07
1.10199e+07
1.10025e+07
1.0985e+07
1.09674e+07
1.09497e+07
1.09319e+07
1.0914e+07
1.0896e+07
1.08779e+07
1.08597e+07
1.08414e+07
1.0823e+07
1.08045e+07
1.07859e+07
1.07672e+07
1.07484e+07
1.07295e+07
1.07105e+07
1.06914e+07
1.06722e+07
1.06529e+07
1.06335e+07
1.0614e+07
1.05944e+07
1.05747e+07
1.05549e+07
1.0535e+07
1.0515e+07
1.04949e+07
1.04747e+07
1.04544e+07
1.0434e+07
1.04135e+07
1.03929e+07
1.03722e+07
1.03514e+07
1.03305e+07
1.03095e+07
1.02884e+07
1.02672e+07
1.02459e+07
1.02245e+07
1.0203e+07
1.01814e+07
1.01597e+07
1.01379e+07
1.0116e+07
1.0094e+07
1.00719e+07
1.00497e+07
1.00274e+07
1.0005e+07
9.9825e+06
9.9599e+06
9.9372e+06
9.9144e+06
9.8915e+06
9.8685e+06
9.8454e+06
9.8222e+06
9.7989e+06
9.7755e+06
9.752e+06
9.7284e+06
9.7047e+06
9.6809e+06
9.657e+06
9.633e+06
9.6089e+06
9.5847e+06
9.5604e+06
9.536e+06
9.5115e+06
9.4869e+06
9.4622e+06
9.4374e+06
9.4125e+06
9.3875e+06
9.3624e+06
9.3372e+06
9.3119e+06
9.2865e+06
9.261e+06
9.2354e+06
9.2097e+06
9.1839e+06
9.158e+06
9.132e+06
9.1059e+06
9.0797e+06
9.0534e+06
9.027e+06
9.0005e+06
8.9739e+06
8.9472e+06
8.9204e+06
8.8935e+06
8.8665e+06
8.8394e+06
8.8122e+06
8.7849e+06
8.7575e+06
8.73e+06
8.7024e+06
8.6747e+06
8.6469e+06
8.619e+06
8.591e+06
8.5629e+06
8.5347e+06
8.5064e+06
8.478e+06
8.4495e+06
8.4209e+06
8.3922e+06
8.3634e+06
8.3345e+06
8.3055e+06
8.2764e+06
8.2472e+06
8.2179e+06
8.1885e+06
8.159e+06
8.1294e+06
8.0997e+06
8.0699e+06
8.04e+06
8.01e+06
7.9799e+06
7.9497e+06
7.9194e+06
7.889e+06
7.8585e+06
7.8279e+06
7.7972e+06
7.7664e+06
7.7355e+06
7.7045e+06
7.6734e+06
7.6422e+06
7.6109e+06
7.5795e+06
7.548e+06
7.5164e+06
7.4847e+06
7.4529e+06
7.421e+06
7.389e+06
7.3569e+06
7.3247e+06
7.2924e+06
7.26e+06
7.2275e+06
7.1949e+06
7.1622e+06
7.1294e+06
7.0965e+06
7.0635e+06
7.0304e+06
6.9972e+06
6.9639e+06
6.9305e+06
6.897e+06
6.8634e+06
6.8297e+06
6.7959e+06
6.762e+06
6.728e+06
6.6939e+06
6.6597e+06
6.6254e+06
6.591e+06
6.5565e+06
6.5219e+06
6.4872e+06
6.4524e+06
6.4175e+06
6.3825e+06
6.3474e+06
6.3122e+06
6.2769e+06
6.2415e+06
6.206e+06
6.1704e+06
6.1347e+06
6.0989e+06
6.063e+06
6.027e+06
5.9909e+06
5.9547e+06
5.9184e+06
5.882e+06
5.8455e+06
5.8089e+06
5.7722e+06
5.7354e+06
5.6985e+06
5.6615e+06
5.6244e+06
5.5872e+06
5.5499e+06
5.5125e+06
5.475e+06
5.4374e+06
5.3997e+06
5.3619e+06
5.324e+06
5.286e+06
5.2479e+06
5.2097e+06
5.1714e+06
5.133e+06
5.0945e+06
5.0559e+06
5.0172e+06
4.9784e+06
4.9395e+06
4.9005e+06
4.8614e+06
4.8222e+06
4.7829e+06
4.7435e+06
4.704e+06
4.6644e+06
4.6247e+06
4.5849e+06
4.545e+06
4.505e+06
4.4649e+06
4.4247e+06
4.3844e+06
4.344e+06
4.3035e+06
4.2629e+06
4.2222e+06
4.1814e+06
4.1405e+06
4.0995e+06
4.0584e+06
4.0172e+06
3.9759e+06
3.9345e+06
3.893e+06
3.8514e+06
3.8097e+06
3.7679e+06
3.726e+06
3.684e+06
3.6419e+06
3.5997e+06
3.5574e+06
3.515e+06
3.4725e+06
3.4299e+06
3.3872e+06
3.3444e+06
3.3015e+06
3.2585e+06
3.2154e+06
3.1722e+06
3.1289e+06
3.0855e+06
3.042e+06
2.9984e+06
2.9547e+06
2.9109e+06
2.867e+06
2.823e+06
2.7789e+06
2.7347e+06
2.6904e+06
2.646e+06
2.6015e+06
2.5569e+06
2.5122e+06
2.4674e+06
2.4225e+06
2.3775e+06
2.3324e+06
2.2872e+06
2.2419e+06
2.1965e+06
2.151e+06
2.1054e+06
2.0597e+06
2.0139e+06
1.968e+06
1.922e+06
1.8759e+06
1.8297e+06
1.7834e+06
1.737e+06
1.6905e+06
1.6439e+06
1.5972e+06
1.5504e+06
1.5035e+06
1.4565e+06
1.4094e+06
1.3622e+06
1.3149e+06
1.2675e+06
1.22e+06
1.1724e+06
1.1247e+06
1.0769e+06
1.029e+06
981000
932900
884700
836400
788000
739500
690900
642200
593400
544500
495500
446400
397200
347900
298500
249000
199400
149700
99900
